18
0 3 4 3 0 5 6 5 0 1 2 1 0 7 8 7 0 9 10 9 0 1 2 1
0 3 4 5 0 3 6 5 0 1 2 1 0 7 8 7 0 9 10 9 0 1 2 1
0 9 4 3 0 5 6 5 0 1 2 1 0 7 8 7 0 9 10 3 0 1 2 1
1 0 3 4 3 0 5 6 5 0 1 2 0 7 8 7 0 9 10 9 0 0 1 2
1 0 3 4 3 0 5 6 5 0 0 1 2 0 7 8 7 0 9 10 9 0 0 1
5 0 1 1 0 3 4 3 0 6 9 0 2 0 7 8 7 0 9 10 5 6 9 0
0 5 0 1 1 0 3 4 3 0 6 9 2 0 7 8 7 0 9 10 5 0 6 9
9 0 5 0 1 1 0 3 4 3 0 6 2 0 7 8 7 0 9 10 5 3 0 6
9 0 5 0 1 1 0 3 4 5 3 0 6 2 0 7 8 7 0 9 10 5 3 0
0 9 0 5 0 1 1 0 3 4 5 3 6 2 0 7 8 7 0 9 10 4 5 3
3 0 9 0 5 0 1 1 0 3 4 5 6 2 0 7 8 7 0 9 10 3 4 5
3 0 9 0 5 0 1 1 0 4 5 6 2 0 7 8 7 0 9 10 3 4 5 6
6 3 0 9 0 5 0 1 1 0 4 5 2 0 7 8 7 0 9 10 3 0 4 5
6 3 0 9 0 5 0 1 1 4 5 2 0 7 8 7 0 9 10 3 0 4 5 2
3 0 9 0 5 0 1 1 4 5 2 6 0 7 8 7 0 9 10 3 0 5 2 6
2 1 0 3 4 3 0 5 6 5 0 1 0 7 8 7 0 9 10 9 0 5 0 1
0 3 4 5 0 5 6 3 0 1 2 1 0 7 8 7 0 9 10 9 0 1 2 1
0 3 4 5 0 5 6 3 0 1 2 7 0 1 8 7 0 9 10 9 0 1 2 7
